0 1 5 5 4 0
1 5 6 13 6 5
1 2 6 7 6 1
2 6 7 14 8 7
2 3 7 9 8 2
3 7 8 15 10 9
3 4 8 11 10 3
4 8 9 16 12 11
5 6 10 18 17 13
6 10 11 26 19 18
6 7 11 20 19 14
7 11 12 27 21 20
7 8 12 22 21 15
8 12 13 28 23 22
8 9 13 24 23 16
9 13 14 29 25 24
10 11 15 31 30 26
11 15 16 39 32 31
11 12 16 33 32 27
12 16 17 40 34 33
12 13 17 35 34 28
13 17 18 41 36 35
13 14 18 37 36 29
14 18 19 42 38 37
15 16 20 44 43 39
16 20 21 52 45 44
16 17 21 46 45 40
17 21 22 53 47 46
17 18 22 48 47 41
18 22 23 54 49 48
18 19 23 50 49 42
19 23 24 55 51 50